<- 
3 <- 5
someName <- 12

